0.4107142857142857
0.42857142857142855
0.4375
0.4107142857142857
0.4017857142857143
0.4107142857142857
0.41964285714285715
0.38392857142857145
0.39285714285714285
0.41964285714285715
0.41964285714285715
0.39285714285714285
0.4017857142857143
0.42857142857142855
0.4107142857142857
0.41964285714285715
0.4107142857142857
0.42857142857142855
0.41964285714285715
0.4017857142857143
0.41964285714285715
0.4375
0.39285714285714285
0.4017857142857143
0.39285714285714285
0.4017857142857143
0.39285714285714285
0.4107142857142857
0.39285714285714285
0.4107142857142857
0.4107142857142857
0.41964285714285715
0.38392857142857145
0.4107142857142857
0.36607142857142855
0.41964285714285715
0.39285714285714285
0.4107142857142857
0.4017857142857143
0.39285714285714285
0.36607142857142855
0.38392857142857145
0.38392857142857145
0.4017857142857143
0.35714285714285715
0.36607142857142855
0.42857142857142855
0.4017857142857143
0.375
0.42857142857142855
0.375
0.4017857142857143
0.4017857142857143
0.4107142857142857
0.36607142857142855
0.375
0.36607142857142855
0.36607142857142855
0.4017857142857143
0.39285714285714285
0.4017857142857143
0.38392857142857145
0.4017857142857143
0.375
0.3482142857142857
0.4107142857142857
0.3392857142857143
0.39285714285714285
0.375
0.39285714285714285
0.375
0.375
0.375
0.39285714285714285
0.42857142857142855
0.36607142857142855
0.4107142857142857
0.36607142857142855
0.38392857142857145
0.38392857142857145
0.38392857142857145
0.3392857142857143
0.4107142857142857
0.4107142857142857
0.4375
0.375
0.375
0.3482142857142857
0.36607142857142855
0.35714285714285715
0.30357142857142855
0.3392857142857143
0.32142857142857145
0.375
0.33035714285714285
0.3392857142857143
0.33035714285714285
0.375
0.3125
0.35714285714285715
0.33035714285714285
0.3392857142857143
0.3392857142857143
0.35714285714285715
0.3392857142857143
0.3125
0.33035714285714285
0.30357142857142855
0.3482142857142857
0.3392857142857143
0.3125
0.3392857142857143
0.3482142857142857
0.3482142857142857
0.32142857142857145
0.30357142857142855
0.32142857142857145
0.33035714285714285
0.3392857142857143
0.3125
0.25892857142857145
0.32142857142857145
0.30357142857142855
0.3392857142857143
0.35714285714285715
0.3125
0.32142857142857145
0.29464285714285715
0.3392857142857143
0.2857142857142857
0.2857142857142857
0.30357142857142855
0.29464285714285715
0.2767857142857143
0.3482142857142857
0.2857142857142857
0.2857142857142857
0.29464285714285715
0.2767857142857143
0.2857142857142857
0.32142857142857145
0.2857142857142857
0.30357142857142855
0.24107142857142858
0.26785714285714285
0.3125
0.3392857142857143
0.29464285714285715
0.30357142857142855
0.25892857142857145
0.30357142857142855
0.3125
0.3125
0.25892857142857145
0.26785714285714285
0.29464285714285715
0.26785714285714285
0.2767857142857143
0.30357142857142855
0.24107142857142858
0.25892857142857145
0.2767857142857143
0.22321428571428573
0.2767857142857143
0.26785714285714285
0.29464285714285715
0.2857142857142857
0.24107142857142858
0.23214285714285715
0.26785714285714285
0.25892857142857145
0.25
0.2857142857142857
0.25
0.25892857142857145
0.26785714285714285
0.25
0.25892857142857145
0.26785714285714285
0.29464285714285715
0.23214285714285715
0.21428571428571427
0.23214285714285715
0.2767857142857143
0.26785714285714285
0.24107142857142858
0.24107142857142858
0.24107142857142858
0.26785714285714285
0.25
0.19642857142857142
0.19642857142857142
0.24107142857142858
0.25892857142857145
0.25
0.20535714285714285
0.24107142857142858
0.24107142857142858
0.23214285714285715
0.22321428571428573
0.26785714285714285
0.20535714285714285
0.24083646616541354
0.24107142857142858
0.25
0.24107142857142858
0.21428571428571427
0.22321428571428573
0.20535714285714285
0.24107142857142858
0.24107142857142858
0.22321428571428573
0.16964285714285715
0.20535714285714285
0.24107142857142858
0.24107142857142858
0.21428571428571427
0.21428571428571427
0.20535714285714285
0.25
0.1875
0.21428571428571427
0.19642857142857142
0.20535714285714285
0.20535714285714285
0.17857142857142858
0.21428571428571427
0.20535714285714285
0.1875
0.21428571428571427
0.21428571428571427
0.21428571428571427
0.22321428571428573
0.15178571428571427
0.1875
0.22321428571428573
0.25
0.21428571428571427
0.16964285714285715
0.22321428571428573
0.19642857142857142
0.21428571428571427
0.22321428571428573
0.20535714285714285
0.14285714285714285
0.20535714285714285
0.21428571428571427
0.19642857142857142
0.22321428571428573
0.14285714285714285
0.16071428571428573
0.20535714285714285
0.19642857142857142
0.14285714285714285
0.13392857142857142
0.23214285714285715
0.22321428571428573
0.15178571428571427
0.21428571428571427
0.15178571428571427
0.15178571428571427
0.20535714285714285
0.17857142857142858
0.21428571428571427
0.20535714285714285
0.1875
0.21428571428571427
0.20535714285714285
0.14285714285714285
0.14285714285714285
0.14285714285714285
0.14285714285714285
0.13392857142857142
0.15178571428571427
0.17857142857142858
0.15178571428571427
0.14285714285714285
0.125
0.13392857142857142
0.16964285714285715
0.15178571428571427
0.14285714285714285
0.14285714285714285
0.13392857142857142
0.20535714285714285
0.125
0.21428571428571427
0.16071428571428573
0.15178571428571427
0.125
0.16964285714285715
0.1875
0.1875
0.1875
0.14285714285714285
0.15178571428571427
0.16964285714285715
0.13392857142857142
0.125
0.17857142857142858
0.16071428571428573
0.16071428571428573
0.16964285714285715
0.13392857142857142
0.13392857142857142
0.13392857142857142
0.13392857142857142
0.15178571428571427
0.13392857142857142
0.10714285714285714
0.13392857142857142
0.11607142857142858
0.11607142857142858
0.14285714285714285
0.125
0.13392857142857142
0.125
0.13392857142857142
0.125
0.16071428571428573
0.125
0.125
0.13392857142857142
0.125
0.125
0.10714285714285714
0.13392857142857142
0.125
0.10714285714285714
0.125
0.125
0.08928571428571429
0.125
0.11607142857142858
0.125
0.10714285714285714
0.13392857142857142
0.125
0.125
0.125
0.11607142857142858
0.11607142857142858
0.125
0.13392857142857142
0.11607142857142858
0.10714285714285714
0.125
0.125
0.125
0.10714285714285714
0.11607142857142858
0.05357142857142857
0.09821428571428571
0.11607142857142858
0.10714285714285714
0.08928571428571429
0.125
0.11607142857142858
0.13392857142857142
0.13392857142857142
0.125
0.11607142857142858
0.09821428571428571
0.09821428571428571
0.10714285714285714
0.08928571428571429
0.07142857142857142
0.11607142857142858
0.09821428571428571
0.125
0.11607142857142858
0.125
0.10714285714285714
0.11607142857142858
0.08928571428571429
0.08035714285714286
0.10714285714285714
0.08928571428571429
0.08035714285714286
0.0625
0.10714285714285714
0.08928571428571429
0.09821428571428571
0.08035714285714286
0.07142857142857142
0.11607142857142858
0.11607142857142858
0.125
0.0625
0.125
0.10714285714285714
0.09821428571428571
0.09821428571428571
0.10714285714285714
0.11607142857142858
0.07142857142857142
0.11607142857142858
0.11607142857142858
0.125
0.0625
0.05357142857142857
0.11607142857142858
0.05357142857142857
0.08035714285714286
0.11607142857142858
0.11607142857142858
0.07142857142857142
0.09821428571428571
0.10714285714285714
0.08928571428571429
0.09821428571428571
0.044642857142857144
0.10714285714285714
0.07142857142857142
0.11607142857142858
0.05357142857142857
0.08035714285714286
0.03571428571428571
0.08035714285714286
0.07142857142857142
0.09821428571428571
0.07142857142857142
0.05357142857142857
0.0625
0.0625
0.08035714285714286
0.10714285714285714
0.08035714285714286
0.0625
0.05357142857142857
0.07142857142857142
0.05357142857142857
0.125
0.09821428571428571
0.05357142857142857
0.09821428571428571
0.10714285714285714
0.07142857142857142
0.11607142857142858
0.11607142857142858
0.10714285714285714
0.07142857142857142
0.07142857142857142
0.026785714285714284
0.09821428571428571
0.07142857142857142
0.044642857142857144
0.07142857142857142
0.0625
0.09821428571428571
0.10714285714285714
0.08035714285714286
0.08035714285714286
0.0625
0.03571428571428571
0.044642857142857144
0.03571428571428571
0.08928571428571429
0.07142857142857142
0.07142857142857142
0.044642857142857144
0.10714285714285714
0.044642857142857144
0.026785714285714284
0.07142857142857142
0.05357142857142857
0.08035714285714286
0.03571428571428571
0.03571428571428571
0.026785714285714284
0.05357142857142857
0.05357142857142857
0.044642857142857144
0.044642857142857144
0.044642857142857144
0.008928571428571428
0.10714285714285714
0.0625
0.08035714285714286
0.08035714285714286
0.017857142857142856
0.05357142857142857
0.044642857142857144
0.08928571428571429
0.0625
0.03571428571428571
0.044642857142857144
0.05357142857142857
0.07142857142857142
0.07142857142857142
0.044642857142857144
0.09821428571428571
0.026785714285714284
0.0625
0.05357142857142857
0.05357142857142857
0.044642857142857144
0.03571428571428571
0.05357142857142857
0.0625
0.044642857142857144
