6.0
6.0
6.0
6.0
6.0
6.0
6.0
6.0
6.0
6.0
6.0
6.0
6.0
6.0
6.0
6.0
6.0
6.0
6.0
6.0
6.0
6.0
6.0
6.0
7.0
6.0
6.0
6.0
6.0
6.0
6.0
7.0
6.0
7.0
7.0
7.0
7.0
6.0
6.0
7.0
6.0
7.0
6.0
6.0
6.0
6.0
7.0
6.0
7.0
6.0
7.0
7.0
8.0
8.0
7.0
7.0
7.0
6.0
7.0
8.0
6.0
8.0
8.0
7.0
7.0
7.0
6.0
8.0
7.0
7.0
8.0
8.0
8.0
7.0
7.0
8.0
7.0
7.0
7.0
7.0
7.0
7.0
7.0
7.0
7.0
7.0
8.0
8.0
8.0
8.0
8.0
8.0
8.0
8.0
8.0
7.0
8.0
8.0
7.0
7.0
8.0
8.0
8.0
7.0
8.0
8.0
8.0
8.0
8.0
8.0
8.0
8.0
8.0
9.0
8.0
7.0
8.0
8.0
8.0
8.0
11.0
8.0
8.0
7.0
8.0
8.0
8.0
8.0
8.0
8.0
9.0
9.0
7.0
9.0
8.0
8.0
9.0
8.0
8.0
8.0
8.0
8.0
9.0
9.0
10.0
9.0
8.0
9.0
9.0
12.0
8.0
8.0
8.0
9.0
9.0
9.0
9.0
9.0
9.0
13.0
13.0
8.0
13.0
8.0
9.0
8.0
9.0
12.0
13.0
9.0
9.0
10.0
8.0
12.0
9.0
9.0
12.0
10.0
9.0
8.0
9.0
14.0
11.0
8.0
9.0
9.0
9.0
14.0
8.0
11.0
13.0
13.0
13.0
10.0
12.0
15.0
9.0
9.0
11.0
13.0
9.0
14.0
9.0
12.0
12.0
9.0
13.0
13.0
13.0
12.0
12.0
13.0
15.0
14.0
12.0
9.0
13.0
13.0
9.0
9.0
15.0
14.0
14.0
14.0
14.0
14.0
14.0
14.0
13.0
13.0
13.0
13.0
14.0
20.0
13.0
9.0
9.0
13.0
19.0
10.0
13.0
13.0
12.0
14.0
21.0
14.0
14.0
14.0
14.0
21.0
19.0
14.0
15.0
21.0
21.0
13.0
12.0
15.0
13.0
14.0
20.0
14.0
14.0
14.0
14.0
15.0
13.0
13.0
21.0
21.0
21.0
21.0
22.0
15.0
16.0
19.0
21.0
22.0
22.0
14.0
20.0
15.0
21.0
21.0
14.0
21.0
9.0
21.0
20.0
23.0
18.0
15.0
14.0
15.0
21.0
15.0
15.0
21.0
22.0
14.0
20.0
17.0
14.0
22.0
21.0
15.0
21.0
19.0
21.0
23.0
21.0
22.0
21.0
20.0
22.0
22.0
21.0
21.0
22.0
19.0
22.0
21.0
21.0
22.0
21.0
21.0
21.0
21.0
22.0
21.0
22.0
23.0
21.0
22.0
14.0
22.0
20.0
21.0
22.0
22.0
22.0
22.0
22.0
20.0
22.0
23.0
21.0
22.0
22.0
23.0
22.0
24.0
22.0
22.0
23.0
24.0
22.0
22.0
21.0
21.0
21.0
23.0
23.0
23.0
21.0
22.0
23.0
23.0
21.0
21.0
22.0
22.0
22.0
22.0
23.0
23.0
23.0
23.0
23.0
24.0
23.0
23.0
23.0
23.0
24.0
23.0
22.0
21.0
24.0
21.0
21.0
23.0
22.0
22.0
22.0
24.0
22.0
22.0
21.0
23.0
25.0
22.0
24.0
23.0
22.0
22.0
23.0
22.0
22.0
23.0
23.0
30.0
23.0
23.0
23.0
24.0
22.0
31.0
23.0
23.0
22.0
24.0
24.0
24.0
24.0
22.0
23.0
23.0
24.0
23.0
24.0
24.0
21.0
23.0
24.0
21.0
23.0
23.0
22.0
22.0
23.0
24.0
23.0
31.0
21.0
24.0
24.0
24.0
24.0
22.0
23.0
23.0
23.0
24.0
30.0
24.0
23.0
23.0
24.0
23.0
24.0
23.0
24.0
31.0
24.0
24.0
23.0
30.0
30.0
24.0
24.0
23.0
30.0
24.0
24.0
32.0
23.0
24.0
23.0
24.0
31.0
24.0
24.0
22.0
24.0
24.0
24.0
23.0
23.0
23.0
24.0
23.0
31.0
23.0
25.0
24.0
24.0
31.0
24.0
23.0
24.0
