0.5446428571428571
0.5535714285714286
0.5535714285714286
0.5625
0.5714285714285714
0.5535714285714286
0.5535714285714286
0.5446428571428571
0.5535714285714286
0.5535714285714286
0.5446428571428571
0.5535714285714286
0.5446428571428571
0.5446428571428571
0.5357142857142857
0.5714285714285714
0.5625
0.5535714285714286
0.5446428571428571
0.5535714285714286
0.5267857142857143
0.5357142857142857
0.5625
0.5357142857142857
0.5535714285714286
0.5625
0.5446428571428571
0.5446428571428571
0.5357142857142857
0.5357142857142857
0.5357142857142857
0.5357142857142857
0.5267857142857143
0.5535714285714286
0.5357142857142857
0.5267857142857143
0.5267857142857143
0.5446428571428571
0.5267857142857143
0.5625
0.5178571428571429
0.5178571428571429
0.5267857142857143
0.5357142857142857
0.5357142857142857
0.5446428571428571
0.5267857142857143
0.5446428571428571
0.5357142857142857
0.5625
0.5267857142857143
0.5357142857142857
0.5535714285714286
0.5267857142857143
0.5267857142857143
0.5357142857142857
0.5178571428571429
0.5267857142857143
0.5357142857142857
0.5178571428571429
0.5446428571428571
0.5267857142857143
0.5357142857142857
0.5446428571428571
0.5267857142857143
0.5267857142857143
0.5178571428571429
0.5446428571428571
0.5535714285714286
0.5267857142857143
0.5535714285714286
0.5357142857142857
0.5446428571428571
0.5178571428571429
0.5267857142857143
0.5625
0.5267857142857143
0.5178571428571429
0.5178571428571429
0.5089285714285714
0.5267857142857143
0.5089285714285714
0.5178571428571429
0.5267857142857143
0.5089285714285714
0.5089285714285714
0.5267857142857143
0.5
0.5357142857142857
0.5178571428571429
0.5178571428571429
0.5
0.5
0.5178571428571429
0.5
0.5178571428571429
0.5267857142857143
0.5089285714285714
0.5
0.5089285714285714
0.5089285714285714
0.5178571428571429
0.5267857142857143
0.5267857142857143
0.5
0.5178571428571429
0.5089285714285714
0.5089285714285714
0.5089285714285714
0.5178571428571429
0.5178571428571429
0.5089285714285714
0.5089285714285714
0.5178571428571429
0.5
0.5
0.5
0.49107142857142855
0.5
0.5
0.5
0.49107142857142855
0.5178571428571429
0.49107142857142855
0.5267857142857143
0.5
0.5
0.5
0.5
0.5
0.5
0.49107142857142855
0.5089285714285714
0.5
0.5
0.5
0.5
0.5089285714285714
0.5
0.5267857142857143
0.5086936090225563
0.5
0.49976503759398494
0.49107142857142855
0.49107142857142855
0.5
0.5086936090225563
0.49107142857142855
0.5
0.49107142857142855
0.5
0.5
0.49107142857142855
0.49107142857142855
0.49107142857142855
0.48214285714285715
0.4732142857142857
0.48214285714285715
0.4642857142857143
0.48214285714285715
0.4906015037593985
0.4732142857142857
0.49107142857142855
0.48214285714285715
0.5
0.48214285714285715
0.49107142857142855
0.48214285714285715
0.5
0.47274436090225563
0.4642857142857143
0.48214285714285715
0.4732142857142857
0.4732142857142857
0.48214285714285715
0.4732142857142857
0.48214285714285715
0.49107142857142855
0.5
0.49107142857142855
0.4732142857142857
0.48214285714285715
0.4732142857142857
0.4732142857142857
0.4732142857142857
0.4642857142857143
0.48214285714285715
0.4732142857142857
0.4642857142857143
0.4375
0.45535714285714285
0.4819078947368421
0.4732142857142857
0.4729793233082707
0.45535714285714285
0.48214285714285715
0.44642857142857145
0.45535714285714285
0.41964285714285715
0.4732142857142857
0.4642857142857143
0.39285714285714285
0.4642857142857143
0.48214285714285715
0.4819078947368421
0.4107142857142857
0.4732142857142857
0.4642857142857143
0.4375
0.4375
0.38392857142857145
0.41964285714285715
0.45535714285714285
0.42857142857142855
0.4732142857142857
0.45535714285714285
0.4375
0.44642857142857145
0.46381578947368424
0.4642857142857143
0.42857142857142855
0.41964285714285715
0.38392857142857145
0.41964285714285715
0.45535714285714285
0.4732142857142857
0.3482142857142857
0.42857142857142855
0.41964285714285715
0.44642857142857145
0.36607142857142855
0.4732142857142857
0.36583646616541354
0.45535714285714285
0.44642857142857145
0.4375
0.4017857142857143
0.4375
0.4732142857142857
0.42857142857142855
0.4017857142857143
0.375
0.42857142857142855
0.17857142857142858
0.44642857142857145
0.39285714285714285
0.4107142857142857
0.4375
0.45535714285714285
0.3482142857142857
0.3482142857142857
0.4375
0.40155075187969924
0.4017857142857143
0.42857142857142855
0.41964285714285715
0.33035714285714285
0.4107142857142857
0.3482142857142857
0.3125
0.4017857142857143
0.41964285714285715
0.42857142857142855
0.39285714285714285
0.41964285714285715
0.41964285714285715
0.42857142857142855
0.38392857142857145
0.38392857142857145
0.3482142857142857
0.35714285714285715
0.30357142857142855
0.4017857142857143
0.38392857142857145
0.30357142857142855
0.36607142857142855
0.39285714285714285
0.30357142857142855
0.30357142857142855
0.4017857142857143
0.31226503759398494
0.33905075187969924
0.30357142857142855
0.2767857142857143
0.38392857142857145
0.36607142857142855
0.38392857142857145
0.2767857142857143
0.375
0.30357142857142855
0.35714285714285715
0.30357142857142855
0.32142857142857145
0.29464285714285715
0.3125
0.2857142857142857
0.3392857142857143
0.3392857142857143
0.32142857142857145
0.30357142857142855
